3,2
3,1
3,3
10,236
10,110
10,192
10,174
10,112
10,272
10,290
11,23
9,7
9,6
9,4
9,2
9,3
8,15
8,6
8,16
8,11
8,12
8,14
21,3
21,2
21,1
21,0
12,3
12,2
12,1
11,29
11,28
11,27
11,26
11,25
11,24
11,22
11,21
11,18
11,17
11,16
11,15
11,14
11,13
11,12
11,11
11,10
11,9
11,7
11,6
11,5
11,4
11,3
11,2
11,1
10,306
10,302
10,297
10,296
20,2
20,1
10,284
20,3
10,275
10,271
10,266
10,262
10,261
19,2
19,1
10,258
19,3
10,255
10,251
10,249
10,241
10,239
10,233
10,229
10,226
10,223
10,215
10,212
10,210
10,206
10,203
10,198
10,188
10,181
10,180
10,179
